不可分期 B05_00080 0.98 359 313 665 582
不可分期 B05_00080 0.977 62 310 247 559
不可分期 B05_00080 0.519 157 290 693 602
不可分期 B01_00109 0.903 381 387 919 694
1期 B04_00421 0.585 425 102 1458 1569
2期 B04_00421 0.559 1590 1380 2063 1777
不可分期 B03_00030 0.97 282 194 381 277
不可分期 B03_00030 0.764 176 113 229 147
不可分期 B03_00030 0.662 297 220 375 271
不可分期 B04_00237 0.564 1472 1931 2046 2402
3期 B06_00121 0.79 432 248 709 476
不可分期 B06_00187 0.989 612 258 802 402
4期 B05_00109 0.585 1304 624 3189 2152
3期 B05_00114 0.736 193 48 520 285
4期 B05_00100 0.793 34 33 332 213
4期 B05_00100 0.566 117 39 385 265
不可分期 B01_00148 0.811 1789 1262 3222 2570
3期 B02_00189 0.534 407 204 1009 856
不可分期 B02_00085 0.837 503 744 3653 2769
不可分期 B04_00045 0.943 232 319 613 668
深部组织损伤 B04_00252 0.923 1609 976 2567 2352
深部组织损伤 B04_00252 0.835 1214 548 2708 2324
不可分期 B05_00166 0.993 175 100 372 273
4期 B04_00158 0.788 12 62 641 562
不可分期 B04_00130 0.951 603 390 995 710
不可分期 B04_00168 0.846 85 341 372 677
不可分期 B01_00243 0.733 58 16 339 226
3期 B04_00170 0.505 109 103 303 352
不可分期 B04_00333 0.747 4 50 269 369
不可分期 B04_00309 0.904 63 100 253 231
不可分期 B04_00444 0.835 232 66 343 128
不可分期 B04_00444 0.656 45 65 353 315
4期 B04_00444 0.522 51 57 347 310
4期 B06_00176 0.776 246 25 506 293
不可分期 B01_00054 0.978 118 287 758 908
2期 B01_00054 0.888 748 261 942 472
2期 B01_00054 0.822 267 902 597 1096
2期 B01_00054 0.622 847 671 1065 989
不可分期 B05_00021 0.752 173 125 428 428
4期 B05_00176 0.747 840 144 1502 619
不可分期 B02_00087 0.966 633 454 3388 2768
4期 B01_00031 0.716 22 67 169 220
不可分期 B01_00031 0.553 10 83 192 217
4期 B06_00028 0.987 159 51 578 376
不可分期 B04_00344 0.75 4 110 198 303
4期 B02_00072 0.878 466 590 2310 2043
4期 B04_00044 0.575 23 48 544 633
3期 B06_00270 0.564 421 161 820 499
深部组织损伤 B04_00255 0.602 109 764 1561 2456
4期 B04_00255 0.508 711 1258 1885 2400
2期 B01_00178 0.66 532 403 818 637
深部组织损伤 B03_00003 0.988 385 292 894 631
不可分期 B06_00040 0.971 194 56 511 370
深部组织损伤 B04_00411 0.577 342 606 636 1042
深部组织损伤 B01_00200 0.955 193 75 687 416
深部组织损伤 B01_00200 0.797 229 102 772 601
3期 B01_00200 0.585 231 151 731 517
4期 B02_00172 0.927 9 123 787 1208
不可分期 B04_00033 0.753 102 57 381 227
4期 B06_00194 0.625 149 510 846 1371
4期 B01_00091 0.884 157 320 761 1090
不可分期 B01_00050 0.825 576 360 1151 746
不可分期 B04_00051 0.857 62 171 540 744
不可分期 B06_00003 0.957 179 49 525 383
3期 B04_00125 0.615 814 467 2104 1480
4期 B04_00427 0.918 208 213 1109 930
深部组织损伤 B01_00119 0.883 161 127 426 302
4期 B06_00232 0.882 105 52 465 337
2期 B05_00061 0.757 245 89 313 144
4期 B01_00069 0.679 120 90 249 170
3期 B06_00054 0.532 84 75 164 150
4期 B06_00054 0.514 129 66 362 229
不可分期 B05_00134 0.98 4 14 310 262
不可分期 B04_00032 0.698 94 258 348 477
4期 B03_00008 0.905 496 140 1043 995
深部组织损伤 B04_00407 0.88 271 258 434 465
深部组织损伤 B04_00407 0.775 289 274 396 391
不可分期 B04_00422 0.928 344 241 1208 858
不可分期 B04_00293 0.935 555 358 928 568
不可分期 B04_00293 0.775 596 407 891 532
不可分期 B06_00026 0.91 519 381 595 456
4期 B06_00026 0.84 124 154 432 465
不可分期 B01_00173 0.965 1175 872 2258 2037
4期 B04_00104 0.97 47 51 680 562
4期 B02_00084 0.934 570 118 3767 2507
不可分期 B04_00120 0.97 224 403 437 567
不可分期 B04_00120 0.862 267 442 397 536
深部组织损伤 B05_00085 0.945 319 132 471 251
4期 B04_00140 0.932 344 96 555 385
深部组织损伤 B02_00066 0.749 822 125 2435 1834
2期 B02_00066 0.74 2423 295 4032 1782
2期 B02_00066 0.738 71 1487 1387 2447
2期 B02_00066 0.55 856 830 3110 2136
1期 B03_00063 0.898 641 375 1589 1023
1期 B03_00063 0.838 1595 659 2138 949
深部组织损伤 B03_00063 0.636 1579 314 1926 555
3期 B04_00167 0.696 47 36 166 146
4期 B06_00060 0.764 187 84 561 372
不可分期 B04_00275 0.937 23 691 1106 1759
不可分期 B04_00275 0.532 73 796 870 1438
不可分期 B04_00389 0.915 54 34 362 311
不可分期 B04_00389 0.709 8 78 212 305
不可分期 B04_00383 0.76 250 117 562 391
不可分期 B05_00073 0.924 136 170 449 558
不可分期 B05_00073 0.653 196 252 423 509
不可分期 B04_00166 0.966 219 89 740 718
深部组织损伤 B06_00085 0.651 51 134 332 521
不可分期 B06_00085 0.568 223 243 391 422
3期 B04_00310 0.637 100 60 219 170
不可分期 B02_00186 0.911 417 25 894 489
2期 B02_00064 0.827 2585 242 4032 1693
深部组织损伤 B02_00064 0.809 548 165 2621 1788
2期 B02_00064 0.6 758 1583 2260 2323
2期 B02_00064 0.515 72 1295 1456 2228
不可分期 B04_00055 0.668 207 370 472 588
深部组织损伤 B01_00057 0.98 513 394 1248 865
不可分期 B04_00401 0.96 286 162 766 625
不可分期 B01_00229 0.525 1829 307 3020 1523
4期 B01_00180 0.955 350 334 498 458
4期 B01_00180 0.702 352 264 532 469
不可分期 B02_00169 0.647 0 152 520 864
4期 B02_00169 0.606 33 277 476 838
2期 B05_00074 0.855 221 269 423 432
3期 B06_00080 0.692 252 155 458 346
深部组织损伤 B04_00019 0.661 77 108 254 298
4期 B02_00075 0.914 785 240 2420 1353
3期 B06_00206 0.657 100 188 522 657
不可分期 B06_00206 0.559 56 182 539 686